1 2 2 1 1 1 2 3 1 2468 1 B
2 2 1 2 1 1 4 2 3 2968 1 D
3 2 1 1 2 2 1 3 3 3368 1 B
4 2 1 1 1 1 1 4 0 5768 1 B
5 5 1 2 2 1 1 4 3 9568 1 D
6 4 1 2 1 1 2 3 0 10668 0 C
7 4 1 1 2 1 2 4 3 10768 1 B
8 4 1 2 3 1 4 1 3 12068 1 D
9 6 1 1 2 2 1 3 3 13368 1 B
10 3 1 1 2 2 4 2 2 15468 1 B
11 3 1 1 2 1 4 2 2 15468 1 B
12 2 1 1 2 1 1 4 3 18268 1 B
13 3 1 2 1 1 2 3 1 18468 1 D
14 4 1 2 2 3 4 3 1 19068 1 D
15 2 1 1 3 1 2 4 3 20768 1 B
16 5 1 2 2 1 4 4 3 21768 1 D
17 4 2 1 3 1 4 2 3 22768 0 A
18 6 1 2 2 1 1 3 0 23368 1 D
19 3 2 2 3 3 1 3 0 25968 1 D
20 5 1 1 2 1 2 4 3 28068 1 B
21 2 1 2 2 1 2 4 3 28068 1 D
22 4 1 1 2 3 2 4 3 28268 1 B
23 3 1 1 1 1 2 3 1 28268 1 B
24 6 1 1 1 2 1 3 3 28968 1 B
25 4 1 2 3 1 2 4 3 29468 1 D
26 3 1 1 2 1 4 3 3 29868 0 A
27 3 1 2 2 1 4 1 3 30468 1 D
28 5 1 2 2 1 1 4 3 30868 1 D
29 2 2 1 2 2 2 3 1 30868 1 B
30 6 1 1 2 1 4 3 2 31068 1 B
31 3 1 2 2 3 1 3 0 31868 1 D
32 2 2 1 2 1 1 2 3 32468 1 B
33 4 2 2 2 2 2 4 3 33568 1 D
34 3 1 2 1 2 2 3 3 33368 1 D
35 6 1 2 2 2 1 3 0 33868 1 D
36 3 1 2 2 1 4 1 2 369 0 C
37 2 1 1 2 1 4 1 3 769 1 B
38 5 1 1 2 1 4 3 3 969 1 B
39 3 1 1 2 2 2 3 3 1769 1 B
40 2 1 2 2 1 2 2 3 2469 1 D
41 3 1 2 2 1 4 2 2 2469 1 D
42 5 1 1 2 1 1 3 2 3569 1 B
43 3 1 2 2 1 1 4 0 4469 0 C
44 2 1 1 1 1 1 3 0 4569 1 B
45 3 2 1 1 1 2 2 2 4969 0 A
46 4 1 1 2 2 2 3 3 5169 0 A
47 4 1 2 2 3 1 4 3 5669 1 D
48 3 1 1 1 1 1 3 1 2769 0 A
49 2 1 1 1 1 1 4 1 8369 1 B
50 2 1 1 1 1 2 4 1 9369 1 B
51 3 1 1 1 1 1 3 3 11869 1 B
52 3 1 1 1 1 1 4 0 12569 1 B
53 6 1 2 3 1 4 3 2 12769 0 C
54 2 1 2 3 1 2 4 3 12969 1 D
55 3 1 2 1 1 1 3 2 13269 1 D
56 5 1 1 2 1 4 3 2 13569 1 B
57 2 1 1 2 1 4 4 2 14369 1 B
58 3 1 1 3 1 1 3 3 15569 1 B
59 2 2 1 1 1 1 3 0 15669 1 B
60 6 1 1 1 1 2 4 0 16669 1 B
61 2 2 1 1 1 4 4 3 16769 1 B
62 2 1 2 2 1 4 4 3 17869 1 D
63 4 1 2 2 1 1 3 3 19969 1 D
64 5 1 2 2 1 2 1 3 20469 1 D
65 5 2 2 3 2 4 4 3 20469 0 C
66 3 2 2 3 1 4 3 2 23069 1 D
67 3 1 1 3 1 2 3 1 24569 1 B
68 3 1 2 1 1 4 2 3 26669 1 D
69 3 1 2 1 1 4 3 1 27969 0 C
70 3 2 2 1 1 4 3 1 26869 0 C
71 2 1 1 2 1 4 3 3 28069 1 B
72 3 2 1 3 1 4 3 2 28969 0 A
73 5 1 2 2 1 1 4 2 29069 1 D
74 4 1 1 2 1 2 3 1 30469 1 B
75 5 2 1 2 2 4 4 3 30469 1 B
76 4 1 2 2 1 1 3 2 32869 0 C
77 4 1 2 2 1 4 3 0 32869 0 C
78 6 1 2 3 1 2 3 3 33069 1 D
79 3 1 1 1 1 4 3 3 33269 1 B
80 6 1 1 2 1 1 3 0 33569 0 A
81 6 1 1 3 1 4 2 3 33669 1 B
82 6 1 1 2 1 2 4 0 34469 1 B
83 1 1 2 2 1 1 3 1 35369 1 D
84 3 2 2 1 1 1 3 0 36369 1 D
85 1 1 2 2 1 4 3 3 870 0 C
86 6 1 2 2 2 1 3 0 4270 1 D
87 2 2 1 1 1 2 1 3 4470 1 B
88 1 2 1 2 1 4 3 0 4870 0 A
89 6 2 2 2 3 4 4 3 4970 1 D
90 3 2 1 1 1 4 2 2 5470 1 B
91 2 1 1 1 2 2 4 3 5770 1 B
92 3 1 2 1 1 4 2 2 7870 0 C
93 1 2 1 2 1 2 3 2 8270 1 B
94 3 1 1 3 1 2 3 2 9670 0 A
95 2 1 2 3 1 2 2 2 11070 0 C
96 6 1 2 1 2 2 3 3 11870 1 D
97 2 1 1 1 1 1 4 3 12470 1 B
98 1 2 2 2 1 2 4 3 13170 1 D
99 5 1 2 2 2 4 4 3 14470 1 D
100 5 1 2 1 2 1 4 0 14670 1 D
101 4 1 1 1 1 2 3 0 15270 1 B
102 4 1 1 2 1 4 3 3 15870 1 B
103 2 1 2 2 1 1 4 0 16070 1 D
104 3 1 1 2 1 1 3 1 16670 0 A
105 1 1 1 3 1 2 2 3 17470 0 A
106 3 1 2 2 2 1 3 3 18770 1 D
107 5 2 1 2 2 1 3 3 18970 1 B
108 2 2 2 2 1 2 2 2 19070 1 D
109 2 1 1 2 1 4 3 1 20570 1 B
110 3 1 1 2 1 2 3 0 21170 0 A
111 4 2 2 3 1 2 2 2 21970 0 C
112 5 1 1 1 1 4 4 1 23170 1 B
113 4 2 1 3 1 2 3 2 24370 0 A
114 1 1 2 2 2 4 4 3 25170 1 D
115 1 1 2 1 2 4 4 3 25470 1 D
116 5 1 1 1 2 2 4 3 25870 0 A
117 2 1 1 3 2 4 4 3 28570 1 B
118 5 1 1 2 1 1 4 0 28770 1 B
119 2 1 2 2 1 1 3 3 31670 0 C
120 3 1 1 2 1 1 2 3 32770 1 B
121 6 1 1 3 2 2 3 3 33370 1 B
122 6 2 1 1 1 4 3 3 33670 0 A
123 1 1 1 3 2 4 2 2 34170 1 B
124 4 1 1 2 1 1 3 0 34270 0 A
125 5 1 1 2 1 1 4 0 34370 1 B
126 6 1 2 2 1 2 1 2 34470 0 C
127 3 1 1 3 1 2 3 2 35570 0 A
128 3 1 1 2 1 1 1 2 36270 0 A
129 1 1 1 2 2 2 2 3 1271 1 B
130 2 1 1 2 1 4 3 3 1571 1 B
131 2 1 1 1 1 1 4 1 1871 0 A
132 6 1 2 3 1 2 2 3 2271 1 D
133 6 1 2 2 1 1 3 1 2671 1 D
134 1 1 1 2 2 4 3 0 3371 1 B
135 5 1 2 3 1 2 4 3 4371 0 C
136 5 1 1 9 1 4 3 3 4971 1 B
137 1 1 2 2 2 1 3 0 6771 1 D
138 4 1 2 2 1 4 4 3 7571 0 C
139 2 2 1 2 2 4 4 3 7771 1 B
140 3 1 1 2 2 4 3 2 8871 1 B
141 1 2 2 3 9 2 3 0 10571 1 D
142 2 1 2 2 1 1 4 1 11371 1 D
143 5 1 2 2 1 1 4 1 15371 1 D
144 2 2 2 2 1 4 4 1 15471 1 D
145 2 1 2 1 1 1 4 3 15971 1 D
146 4 1 1 2 1 2 3 0 16171 1 B
147 5 2 2 3 2 4 4 0 18371 1 D
148 2 1 2 2 1 1 4 1 18871 0 C
149 1 1 1 2 1 1 2 2 20171 0 A
150 6 2 1 2 1 2 3 0 20271 1 B
151 2 1 1 1 1 1 4 0 20271 1 B
152 6 1 2 3 1 2 1 3 20271 1 D
153 6 1 2 3 1 4 3 3 20971 0 C
154 5 1 1 2 1 4 4 3 21671 1 B
155 5 2 1 2 1 1 4 3 21871 0 A
156 3 1 2 2 2 2 3 2 22171 1 D
157 5 2 1 1 1 2 4 1 23771 0 A
158 1 2 2 2 1 1 3 1 25371 0 C
159 2 1 1 2 9 4 4 3 26371 1 B
160 2 2 2 1 2 1 4 3 27371 1 D
161 2 1 2 3 1 4 3 3 28071 1 D
162 6 2 2 2 2 4 3 2 28471 1 D
163 3 1 2 2 1 4 2 2 29471 1 D
164 1 1 2 2 1 2 3 2 29971 1 D
165 5 1 1 1 1 1 4 1 31471 1 B
166 6 2 2 2 1 4 2 2 31971 1 D
167 6 1 1 1 1 2 4 3 32171 0 A
168 6 1 1 1 1 2 4 0 32371 1 B
169 3 1 2 2 1 1 3 0 32671 1 D
170 1 1 1 2 1 1 4 1 33071 1 B
171 2 1 1 3 1 4 2 2 34071 0 A
172 2 1 1 3 1 2 3 3 34271 1 B
173 6 2 2 1 2 2 3 1 34771 1 D
174 5 2 2 1 1 2 3 3 1272 0 C
175 6 2 2 2 2 4 3 3 3572 1 D
176 1 1 2 2 4 4 2 3 4672 0 C
177 1 1 2 2 1 1 4 3 5472 1 D
178 6 1 2 3 1 2 4 3 5572 1 D
179 2 1 2 2 1 1 4 3 5672 1 D
180 2 1 1 1 1 1 4 0 5972 0 A
181 2 1 2 3 1 2 3 3 8072 0 C
182 1 2 2 2 2 1 3 2 8272 1 D
183 1 2 2 2 2 4 4 1 13671 0 C
184 4 2 1 2 1 2 3 0 14372 1 B
185 4 1 2 2 2 2 3 0 14372 0 C
186 1 1 1 2 1 4 2 3 15672 0 A
187 4 2 1 2 1 4 3 3 15772 1 B
188 5 2 2 2 2 4 3 0 20572 1 D
189 4 2 1 2 2 2 3 2 20772 1 B
190 2 1 1 1 1 2 3 0 20972 0 A
191 2 1 1 1 1 2 4 3 22772 1 B
192 5 1 2 2 1 1 3 3 24372 1 D
193 4 1 2 2 2 1 4 0 24872 1 D
194 5 1 2 3 1 1 3 3 27672 0 C
195 3 1 2 2 2 1 3 3 12371 1 D
