51 631
65 270
64 327
73 243
64 916
61 1823
65 637
84 235
54 255
72 184
42 1064
61 414
71 216
83 324
43 480
52 245
68 1565
69 560
65 376
58 911
63 279
59 144
75 1092
65 94
41 177
60 1472
72 526
51 173
72 575
49 222
82 167
64 1565
57 256
67 134
65 404
62 1495
49 162
60 262
75 307
54 782
59 661
58 546
50 1766
60 374
43 1489
48 1446
49 74
44 1609
77 301
75 328
54 459
68 446
58 1644
66 494
47 279
60 915
66 228
51 127
49 1574
50 561
52 370
40 805
69 192
56 273
70 1377
47 407
46 929
53 548
67 1317
68 1317
90 517
44 1307
48 230
67 763
58 172
69 1455
75 1234
58 544
72 800
72 1460
70 785
71 714
55 338
73 432
50 1312
63 351
58 205
56 1219
62 11
55 666
50 147
77 1060
67 477
53 1058
55 1312
71 696
65 112
50 308
61 15
72 130
51 296
59 293
56 545
61 1086
61 1250
68 147
71 726
57 310
72 599
55 998
61 1089
47 382
66 932
52 264
61 11
66 911
64 89
73 525
67 532
68 637
58 112
68 1095
85 170
74 943
53 191
60 928
58 918
66 825
58 99
39 99
54 933
49 461
52 347
35 372
44 731
81 363
74 238
65 593
66 219
74 465
90 446
60 553
63 532
61 154
67 369
88 541
69 107
46 854
69 822
48 775
77 336
69 513
75 914
71 757
58 794
66 105
44 733
59 600
78 266
58 317
65 407
53 346
49 518
65 395
59 81
79 608
57 760
54 343
47 324
68 254
63 751
72 334
51 275
43 546
43 112
65 182
54 209
50 208
39 174
46 651
49 672
52 291
69 723
55 498
48 276
20 90
47 213
67 38
66 128
60 445
54 159
54 219
59 173
47 413
57 274
